%% Accessing Data in Matrices

M = [9 7 10 10 5; 10 1 10 5 10; 2 3 2 9 8; 0 6 10 2 10];

% Task 1
Msmall = M([2 3],[2 4]);

% Task 2
Minside = M([2 3],2:4);

% Task 3
Mcorners = M([1 4],[1 5]);
